TIMESTAMP;PULL_CADENCE;MAX_POWER;MAX_SPEED;MAX_TORQUE
2025-01-09_06:32:12.273;0.00;0;0.0;20.0
2025-01-09_06:32:12.663;0.00;0;0.1;20.0
2025-01-09_06:32:13.593;64.52;0;0.1;20.0
2025-01-09_06:32:15.693;28.57;0;0.1;20.0
2025-01-09_06:32:24.423;0.00;0;0.1;20.0
2025-01-09_06:33:18.939;0.00;0;0.1;20.0
2025-01-09_06:33:19.328;0.00;0;0.1;20.0
2025-01-09_06:33:28.873;0.00;0;0.1;20.0
2025-01-09_06:33:31.129;26.60;35;268.2;20.0
2025-01-09_06:33:32.749;37.04;95;695.4;20.0
2025-01-09_06:33:34.128;43.51;96;702.4;20.0
2025-01-09_06:33:35.449;45.42;109;810.0;20.0
2025-01-09_06:33:36.804;44.28;111;821.0;20.0
2025-01-09_06:33:38.124;45.45;113;806.8;20.0
2025-01-09_06:33:38.395;0.00;7;2.1;20.0
2025-01-09_06:33:38.843;133.93;8;15.9;20.0
2025-01-09_06:33:38.934;0.00;4;0.1;20.0
2025-01-09_06:33:39.115;0.00;4;1.3;20.0
2025-01-09_06:33:39.204;0.00;4;0.1;20.0
2025-01-09_06:33:39.384;0.00;5;4.4;20.0
2025-01-09_06:33:39.743;0.00;5;9.7;20.0
2025-01-09_06:33:40.164;142.52;4;0.1;20.0
2025-01-09_06:33:40.254;0.00;4;0.1;20.0
2025-01-09_06:33:41.094;71.43;7;49.7;20.0
2025-01-09_06:33:41.274;0.00;4;3.2;20.0
2025-01-09_06:33:42.744;40.82;116;879.4;20.0
2025-01-09_06:33:44.034;46.51;113;854.3;20.0
2025-01-09_06:33:45.294;47.62;116;869.8;20.0
2025-01-09_06:33:46.554;47.62;108;784.0;20.0
2025-01-09_06:33:48.594;29.41;122;893.5;20.0
2025-01-09_06:33:49.794;50.00;122;886.0;20.0
2025-01-09_06:33:51.024;48.78;124;884.5;20.0
2025-01-09_06:33:52.104;55.56;96;734.9;20.0
2025-01-09_06:33:53.604;40.00;94;688.7;20.0
2025-01-09_06:33:54.864;47.62;71;531.2;20.0
2025-01-09_06:33:55.374;117.65;17;1.7;20.0
2025-01-09_06:33:55.494;0.00;17;4.3;20.0
2025-01-09_06:33:57.029;39.09;39;193.4;20.0
2025-01-09_06:33:57.239;0.00;13;0.6;20.0
2025-01-09_06:33:57.389;0.00;14;5.2;20.0
2025-01-09_06:33:57.899;117.65;15;21.7;20.0
2025-01-09_06:33:58.199;0.00;14;20.6;20.0
2025-01-09_06:33:58.319;0.00;13;8.3;20.0
2025-01-09_06:33:58.379;0.00;12;0.1;20.0
2025-01-09_06:33:59.039;90.91;15;38.6;20.0
2025-01-09_06:33:59.279;0.00;11;0.1;20.0
2025-01-09_06:33:59.729;133.33;12;13.9;20.0
2025-01-09_06:34:00.454;82.76;12;17.3;20.0
2025-01-09_06:34:00.544;0.00;9;0.1;20.0
2025-01-09_06:34:00.754;0.00;9;3.1;20.0
2025-01-09_06:34:00.874;0.00;9;0.1;20.0
2025-01-09_06:34:02.254;43.48;9;0.1;20.0
2025-01-09_06:34:02.315;0.00;9;0.1;20.0
2025-01-09_06:34:02.824;117.88;9;0.1;20.0
2025-01-09_06:34:03.124;0.00;9;0.1;20.0
2025-01-09_06:34:03.304;0.00;9;0.1;20.0
2025-01-09_06:34:03.574;0.00;9;0.1;20.0
2025-01-09_06:34:03.634;0.00;9;0.1;20.0
2025-01-09_06:34:03.754;0.00;9;0.4;20.0
2025-01-09_06:34:03.845;0.00;9;0.1;20.0
2025-01-09_06:34:03.934;0.00;9;0.1;20.0
2025-01-09_06:34:04.054;0.00;9;0.1;20.0
2025-01-09_06:34:04.174;0.00;9;0.1;20.0
2025-01-09_06:34:04.504;0.00;9;0.1;20.0
2025-01-09_06:34:04.744;0.00;9;0.3;20.0
2025-01-09_06:34:04.834;0.00;9;0.1;20.0
2025-01-09_06:34:05.014;0.00;9;0.1;20.0
2025-01-09_06:34:05.194;0.00;9;0.3;20.0
2025-01-09_06:34:05.314;0.00;9;2.7;20.0
2025-01-09_06:34:05.494;0.00;9;1.6;20.0
2025-01-09_06:34:06.154;90.91;9;0.1;20.0
2025-01-09_06:34:06.424;0.00;9;0.3;20.0
2025-01-09_06:34:06.754;0.00;9;2.7;20.0
2025-01-09_06:34:07.175;142.52;10;13.3;20.0
2025-01-09_06:34:08.194;58.88;9;0.1;20.0
2025-01-09_06:34:08.794;100.00;9;0.1;20.0
2025-01-09_06:34:08.944;0.00;9;0.2;20.0
2025-01-09_06:34:09.669;82.76;9;4.0;20.0
2025-01-09_06:34:09.879;0.00;9;0.1;20.0
2025-01-09_06:34:10.239;0.00;9;0.1;20.0
2025-01-09_06:34:10.899;90.91;9;0.1;20.0
2025-01-09_06:34:10.989;0.00;8;0.1;20.0
2025-01-09_06:34:11.349;0.00;9;0.1;20.0
2025-01-09_06:34:11.829;125.00;9;0.2;20.0
2025-01-09_06:34:12.309;125.00;8;0.2;20.0
2025-01-09_06:34:12.879;105.26;9;11.1;20.0
2025-01-09_06:34:13.329;133.33;9;0.3;20.0
2025-01-09_06:34:13.839;117.65;8;0.2;20.0
2025-01-09_06:34:14.469;95.24;8;0.2;20.0
2025-01-09_06:34:14.649;0.00;8;0.2;20.0
2025-01-09_06:34:15.219;105.26;9;6.4;20.0
2025-01-09_06:34:15.399;0.00;8;0.2;20.0
2025-01-09_06:34:15.609;0.00;8;1.7;20.0
2025-01-09_06:34:15.699;0.00;8;0.1;20.0
2025-01-09_06:34:15.759;0.00;8;0.2;20.0
2025-01-09_06:34:17.859;28.57;17;0.2;20.0
2025-01-09_06:34:18.009;0.00;17;0.1;20.0
2025-01-09_06:34:18.309;0.00;17;2.5;20.0
2025-01-09_06:34:19.809;40.00;54;312.0;20.0
2025-01-09_06:34:21.189;43.48;111;819.6;20.0
2025-01-09_06:34:22.449;47.62;122;895.0;20.0
2025-01-09_06:34:23.654;49.79;121;879.4;20.0
2025-01-09_06:34:24.854;50.00;119;870.2;20.0
2025-01-09_06:34:26.084;48.78;123;882.1;20.0
2025-01-09_06:34:27.254;51.28;125;943.1;20.0
2025-01-09_06:34:28.454;50.00;123;893.2;20.0
2025-01-09_06:34:29.624;51.28;125;890.6;20.0
2025-01-09_06:34:30.824;50.00;123;893.8;20.0
2025-01-09_06:34:31.994;51.28;131;945.2;20.0
2025-01-09_06:34:33.164;51.28;122;866.8;20.0
2025-01-09_06:34:34.304;52.63;130;933.2;20.0
2025-01-09_06:34:35.504;50.00;127;907.5;20.0
2025-01-09_06:34:36.644;52.63;124;905.8;20.0
2025-01-09_06:34:37.784;52.63;127;905.5;20.0
2025-01-09_06:34:38.924;52.63;127;911.2;20.0
2025-01-09_06:34:40.064;52.63;126;926.3;20.0
2025-01-09_06:34:41.234;51.28;127;903.6;20.0
2025-01-09_06:34:42.374;52.63;135;964.3;20.0
2025-01-09_06:34:43.549;51.06;129;941.1;20.0
2025-01-09_06:34:44.749;50.00;127;917.3;20.0
2025-01-09_06:34:45.949;50.00;135;976.0;20.0
2025-01-09_06:34:47.149;50.00;130;930.9;20.0
2025-01-09_06:34:48.289;52.63;128;918.7;20.0
2025-01-09_06:34:49.459;51.28;131;932.7;20.0
2025-01-09_06:34:50.629;51.28;134;954.0;20.0
2025-01-09_06:34:51.829;50.00;133;959.8;20.0
2025-01-09_06:34:52.999;51.28;133;959.6;20.0
2025-01-09_06:34:54.169;51.28;130;964.6;20.0
2025-01-09_06:34:55.369;50.00;128;915.5;20.0
2025-01-09_06:34:56.569;50.00;131;944.9;20.0
2025-01-09_06:34:57.709;52.63;133;960.5;20.0
2025-01-09_06:34:58.909;50.00;135;972.6;20.0
2025-01-09_06:35:00.139;48.78;134;969.9;20.0
2025-01-09_06:35:01.344;49.79;132;957.5;20.0
2025-01-09_06:35:02.514;51.28;133;962.8;20.0
2025-01-09_06:35:03.714;50.00;130;932.3;20.0
2025-01-09_06:35:04.884;51.28;135;968.1;20.0
2025-01-09_06:35:06.114;48.78;126;912.6;20.0
2025-01-09_06:35:07.344;48.78;145;1060.3;20.0
2025-01-09_06:35:08.634;46.51;134;967.5;20.0
2025-01-09_06:35:09.864;48.78;140;997.8;20.0
2025-01-09_06:35:11.127;47.51;134;971.8;20.0
2025-01-09_06:35:12.384;47.73;145;1048.0;20.0
2025-01-09_06:35:13.645;47.58;143;1031.2;20.0
2025-01-09_06:35:14.904;47.66;137;992.8;20.0
2025-01-09_06:35:16.139;48.58;134;955.2;20.0
2025-01-09_06:35:17.400;47.58;139;1003.4;20.0
2025-01-09_06:35:18.659;47.66;141;999.5;20.0
2025-01-09_06:35:19.920;47.58;135;978.7;20.0
2025-01-09_06:35:21.209;46.55;143;1033.0;20.0
2025-01-09_06:35:22.470;47.58;138;1015.8;20.0
2025-01-09_06:35:23.729;47.66;141;1015.5;20.0
2025-01-09_06:35:24.959;48.78;145;1057.9;20.0
2025-01-09_06:35:26.159;50.00;146;1068.5;20.0
2025-01-09_06:35:27.449;46.51;144;1048.2;20.0
2025-01-09_06:35:28.679;48.78;143;1034.7;20.0
2025-01-09_06:35:29.909;48.78;147;1050.5;20.0
2025-01-09_06:35:31.109;50.00;146;1052.5;20.0
2025-01-09_06:35:32.309;50.00;142;1033.6;20.0
2025-01-09_06:35:33.569;47.62;144;1053.4;20.0
2025-01-09_06:35:34.774;49.79;146;1054.0;20.0
2025-01-09_06:35:35.974;50.00;138;1012.0;20.0
2025-01-09_06:35:37.204;48.78;143;1014.8;20.0
2025-01-09_06:35:38.438;48.62;146;1080.5;20.0
2025-01-09_06:35:39.669;48.74;143;1023.5;20.0
2025-01-09_06:35:40.900;48.74;134;967.0;20.0
2025-01-09_06:35:42.160;47.62;142;1038.1;20.0
2025-01-09_06:35:43.360;50.00;144;1036.1;20.0
2025-01-09_06:35:44.590;48.78;136;969.7;20.0
2025-01-09_06:35:45.795;49.79;139;1013.0;20.0
2025-01-09_06:35:47.025;48.78;139;992.3;20.0
2025-01-09_06:35:48.285;47.62;146;1048.7;20.0
2025-01-09_06:35:49.515;48.78;146;1069.1;20.0
2025-01-09_06:35:50.775;47.62;141;1034.5;20.0
2025-01-09_06:35:52.005;48.78;143;1027.6;20.0
2025-01-09_06:35:53.269;47.47;142;1027.6;20.0
2025-01-09_06:35:54.470;49.96;138;987.6;20.0
2025-01-09_06:35:55.700;48.78;140;1011.8;20.0
2025-01-09_06:35:56.905;49.79;146;1072.3;20.0
2025-01-09_06:35:58.164;47.66;143;1022.8;20.0
2025-01-09_06:35:59.365;49.96;145;1036.9;20.0
2025-01-09_06:36:00.600;48.58;140;1006.6;20.0
2025-01-09_06:36:01.829;48.82;144;1030.3;20.0
2025-01-09_06:36:03.029;50.00;138;990.0;20.0
2025-01-09_06:36:04.290;47.58;148;1072.8;20.0
2025-01-09_06:36:05.490;50.00;148;1061.1;20.0
2025-01-09_06:36:06.750;47.62;150;1092.6;20.0
2025-01-09_06:36:07.980;48.78;148;1083.9;20.0
2025-01-09_06:36:09.180;50.00;140;1014.9;20.0
2025-01-09_06:36:10.410;48.78;144;1047.3;20.0
2025-01-09_06:36:11.640;48.78;144;1052.0;20.0
2025-01-09_06:36:12.870;48.78;144;1035.5;20.0
2025-01-09_06:36:14.070;50.00;140;992.0;20.0
2025-01-09_06:36:15.270;50.00;139;1008.7;20.0
2025-01-09_06:36:16.500;48.78;145;1058.1;20.0
2025-01-09_06:36:17.670;51.28;140;1003.5;20.0
2025-01-09_06:36:18.900;48.78;141;1020.8;20.0
2025-01-09_06:36:20.075;51.06;152;1087.9;20.0
2025-01-09_06:36:21.305;48.78;144;1050.1;20.0
2025-01-09_06:36:22.475;51.28;145;1062.9;20.0
2025-01-09_06:36:23.675;50.00;142;1022.7;20.0
2025-01-09_06:36:24.845;51.28;138;996.3;20.0
2025-01-09_06:36:26.045;50.00;146;1026.2;20.50314465408805
2025-01-09_06:36:27.305;47.62;146;1026.1;21.0062893081761
2025-01-09_06:36:28.565;47.62;152;1053.0;22.0125786163522
2025-01-09_06:36:29.795;48.78;167;1106.2;22.51572327044025
2025-01-09_06:36:31.055;47.62;162;1089.5;23.0188679245283
2025-01-09_06:36:32.255;50.00;165;1092.4;23.52201257861635
2025-01-09_06:36:33.520;47.43;159;1026.9;24.528301886792452
2025-01-09_06:36:34.720;50.00;163;1049.1;25.031446540880502
2025-01-09_06:36:35.950;48.78;160;1007.9;25.534591194968552
2025-01-09_06:36:37.180;48.78;161;1011.1;26.037735849056602
2025-01-09_06:36:38.355;51.06;182;1133.2;26.540880503144656
2025-01-09_06:36:39.555;50.00;182;1099.7;27.547169811320757
2025-01-09_06:36:40.725;51.28;184;1111.3;28.050314465408803
2025-01-09_06:36:41.870;52.40;191;1118.4;28.553459119496857
2025-01-09_06:36:43.010;52.63;192;1112.0;29.056603773584904
2025-01-09_06:36:44.150;52.63;201;1163.6;29.559748427672957
2025-01-09_06:36:45.320;51.28;184;1057.8;30.062893081761004
2025-01-09_06:36:46.460;52.63;203;1129.7;31.069182389937104
2025-01-09_06:36:47.605;52.40;188;1063.2;31.572327044025158
2025-01-09_06:36:48.775;51.28;201;1120.5;32.075471698113205
2025-01-09_06:36:49.945;51.28;199;1069.9;32.57861635220126
2025-01-09_06:36:51.085;52.63;207;1100.4;33.08176100628931
2025-01-09_06:36:52.230;52.40;215;1140.4;33.58490566037736
2025-01-09_06:36:53.370;52.63;217;1153.6;34.088050314465406
2025-01-09_06:36:54.540;51.28;214;1106.3;35.09433962264151
2025-01-09_06:36:55.681;52.59;228;1195.1;35.59748427672956
2025-01-09_06:36:56.820;52.68;204;1064.7;36.10062893081761
2025-01-09_06:36:57.181;0.00;12;24.0;36.10062893081761
2025-01-09_06:36:57.450;0.00;9;4.8;36.60377358490566
2025-01-09_06:36:57.630;0.00;9;4.7;36.60377358490566
2025-01-09_06:36:57.810;0.00;9;5.7;36.60377358490566
2025-01-09_06:36:57.990;0.00;9;5.0;36.60377358490566
2025-01-09_06:36:58.110;0.00;9;5.6;36.60377358490566
2025-01-09_06:36:58.170;0.00;10;11.5;36.60377358490566
2025-01-09_06:36:59.610;41.67;219;1088.8;37.61006289308176
2025-01-09_06:37:00.780;51.28;241;1150.9;38.11320754716981
2025-01-09_06:37:01.925;52.40;236;1123.7;38.61635220125786
2025-01-09_06:37:03.065;52.63;236;1144.8;39.119496855345915
2025-01-09_06:37:04.235;51.28;249;1172.6;39.62264150943396
2025-01-09_06:37:05.405;51.28;245;1157.4;40.62893081761006
2025-01-09_06:37:06.545;52.63;260;1199.4;41.132075471698116
2025-01-09_06:37:07.745;50.00;259;1184.6;41.63522012578616
2025-01-09_06:37:08.860;53.81;258;1179.2;42.13836477987421
2025-01-09_06:37:10.000;52.63;251;1150.6;42.64150943396226
2025-01-09_06:37:11.200;50.00;233;1111.6;43.144654088050316
2025-01-09_06:37:12.340;52.63;247;1120.0;43.64779874213836
2025-01-09_06:37:13.450;54.05;259;1137.1;44.65408805031447
2025-01-09_06:37:14.590;52.63;277;1203.2;45.15723270440252
2025-01-09_06:37:15.790;50.00;235;1024.2;45.660377358490564
2025-01-09_06:37:16.960;51.28;264;1143.9;46.16352201257862
2025-01-09_06:37:18.070;54.05;273;1162.6;46.66666666666667
2025-01-09_06:37:19.180;54.05;285;1184.2;47.16981132075472
2025-01-09_06:37:20.351;51.24;272;1139.7;47.672955974842765
2025-01-09_06:37:21.430;55.61;278;1184.2;48.67924528301887
2025-01-09_06:37:22.600;51.28;268;1145.7;49.18238993710692
2025-01-09_06:37:23.680;55.56;279;1133.9;49.685534591194966
2025-01-09_06:37:24.820;52.63;287;1189.5;50.18867924528302
2025-01-09_06:37:25.960;52.63;294;1211.6;50.69182389937107
2025-01-09_06:37:27.130;51.28;295;1173.2;51.19496855345912
2025-01-09_06:37:28.270;52.63;319;1245.7;51.698113207547166
2025-01-09_06:37:29.380;54.05;324;1241.4;52.20125786163522
2025-01-09_06:37:30.550;51.28;306;1192.4;53.20754716981132
2025-01-09_06:37:31.690;52.63;298;1183.2;53.710691823899374
2025-01-09_06:37:32.830;52.63;323;1252.0;54.21383647798742
2025-01-09_06:37:33.970;52.63;329;1233.8;54.716981132075475
2025-01-09_06:37:35.170;50.00;326;1223.2;55.22012578616352
2025-01-09_06:37:36.400;48.78;328;1221.7;56.22641509433962
2025-01-09_06:37:37.600;50.00;331;1231.3;56.729559748427675
2025-01-09_06:37:38.830;48.78;337;1254.1;57.23270440251572
2025-01-09_06:37:40.030;50.00;343;1253.5;57.735849056603776
2025-01-09_06:37:41.290;47.62;328;1161.4;58.23899371069182
2025-01-09_06:37:42.496;49.75;354;1273.4;59.24528301886792
2025-01-09_06:37:43.695;50.04;347;1253.1;59.74842767295598
2025-01-09_06:37:44.895;50.00;369;1309.1;60.25157232704402
2025-01-09_06:37:46.126;48.74;368;1268.1;60.75471698113208
2025-01-09_06:37:47.330;49.83;356;1216.2;61.257861635220124
2025-01-09_06:37:48.560;48.78;361;1261.1;62.264150943396224
2025-01-09_06:37:49.760;50.00;355;1208.0;62.76729559748428
2025-01-09_06:37:50.962;49.92;367;1305.4;63.270440251572325
2025-01-09_06:37:52.130;51.37;387;1319.6;63.77358490566038
2025-01-09_06:37:53.301;51.24;348;1243.0;64.27672955974842
2025-01-09_06:37:54.440;52.68;374;1300.5;65.28301886792453
2025-01-09_06:37:55.610;51.28;408;1456.4;65.78616352201257
2025-01-09_06:37:56.720;54.05;389;1343.6;66.28930817610063
2025-01-09_06:37:57.830;54.05;409;1406.1;66.79245283018868
2025-01-09_06:37:58.970;52.63;402;1383.5;67.29559748427673
2025-01-09_06:38:00.080;54.05;398;1381.3;67.79874213836479
2025-01-09_06:38:01.225;52.40;386;1316.6;68.30188679245283
2025-01-09_06:38:02.365;52.63;365;1261.4;68.80503144654088
2025-01-09_06:38:03.505;52.63;387;1337.6;69.81132075471697
2025-01-09_06:38:04.620;53.81;385;1335.5;70.31446540880503
2025-01-09_06:38:05.732;53.96;390;1327.2;70.81761006289308
2025-01-09_06:38:06.840;54.15;399;1359.9;71.32075471698113
2025-01-09_06:38:07.981;52.59;399;1384.0;71.82389937106919
2025-01-09_06:38:09.125;52.45;362;1255.4;72.32704402515724
2025-01-09_06:38:10.266;52.59;383;1294.8;72.83018867924528
2025-01-09_06:38:11.381;53.81;357;1229.3;73.33333333333334
2025-01-09_06:38:12.520;52.68;385;1324.3;74.33962264150944
2025-01-09_06:38:13.661;52.59;390;1330.5;74.84276729559748
2025-01-09_06:38:14.831;51.28;360;1234.9;75.34591194968553
2025-01-09_06:38:16.001;51.28;363;1262.5;75.84905660377359
2025-01-09_06:38:17.141;52.63;351;1222.1;76.35220125786164
2025-01-09_06:38:18.341;50.00;390;1320.8;76.85534591194968
2025-01-09_06:38:19.511;51.28;382;1329.7;77.86163522012578
2025-01-09_06:38:20.711;50.00;415;1400.1;78.36477987421384
2025-01-09_06:38:21.911;50.00;399;1393.6;78.86792452830188
2025-01-09_06:38:23.141;48.78;399;1372.5;79.37106918238993
2025-01-09_06:38:24.341;50.00;418;1434.8;79.87421383647799
2025-01-09_06:38:25.571;48.78;376;1325.2;80.88050314465409
2025-01-09_06:38:26.801;48.78;406;1358.7;81.38364779874215
2025-01-09_06:38:28.001;50.00;390;1328.4;81.88679245283018
2025-01-09_06:38:29.237;48.54;403;1387.2;82.38993710691824
2025-01-09_06:38:30.406;51.33;386;1308.7;83.39622641509433
2025-01-09_06:38:31.606;50.00;416;1463.4;83.8993710691824
2025-01-09_06:38:32.746;52.63;415;1463.8;84.40251572327044
2025-01-09_06:38:33.856;54.05;409;1466.9;84.90566037735849
2025-01-09_06:38:34.996;52.63;404;1475.9;85.40880503144655
2025-01-09_06:38:36.137;52.59;412;1464.1;85.9119496855346
2025-01-09_06:38:37.306;51.33;394;1471.8;86.41509433962264
2025-01-09_06:38:38.476;51.28;416;1464.6;87.42138364779875
2025-01-09_06:38:39.646;51.28;417;1478.3;87.9245283018868
2025-01-09_06:38:40.846;50.00;405;1479.8;88.42767295597484
2025-01-09_06:38:41.986;52.63;413;1473.6;88.93081761006289
2025-01-09_06:38:43.156;51.28;397;1475.3;89.43396226415095
2025-01-09_06:38:44.357;49.96;409;1482.3;89.937106918239
2025-01-09_06:38:45.496;52.68;388;1477.2;90.94339622641509
2025-01-09_06:38:46.666;51.28;415;1465.2;91.44654088050315
2025-01-09_06:38:47.806;52.63;395;1472.6;91.9496855345912
2025-01-09_06:38:49.006;50.00;409;1472.0;92.45283018867924
2025-01-09_06:38:50.176;51.28;414;1455.8;92.95597484276729
2025-01-09_06:38:51.346;51.28;398;1479.1;93.45911949685535
2025-01-09_06:38:52.516;51.28;417;1469.0;94.46540880503144
2025-01-09_06:38:53.656;52.63;416;1456.8;94.96855345911949
2025-01-09_06:38:54.826;51.28;415;1459.2;95.47169811320755
2025-01-09_06:38:55.996;51.28;393;1483.3;95.9748427672956
2025-01-09_06:38:57.166;51.28;402;1403.8;96.47798742138365
2025-01-09_06:38:58.336;51.28;414;1479.0;96.98113207547169
2025-01-09_06:38:59.536;50.00;398;1467.3;97.9874213836478
2025-01-09_06:39:00.706;51.28;414;1470.1;98.49056603773585
2025-01-09_06:39:01.876;51.28;412;1462.4;98.99371069182389
2025-01-09_06:39:03.046;51.28;393;1479.8;99.49685534591195
2025-01-09_06:39:04.216;51.28;415;1473.4;100.0
2025-01-09_06:39:05.356;52.63;413;1478.2;100.0
2025-01-09_06:39:06.526;51.28;403;1469.3;100.0
2025-01-09_06:39:07.696;51.28;417;1466.2;100.0
2025-01-09_06:39:08.866;51.28;416;1477.2;100.0
2025-01-09_06:39:10.036;51.28;406;1467.9;100.0
2025-01-09_06:39:11.206;51.28;400;1480.4;100.0
2025-01-09_06:39:12.376;51.28;414;1470.8;99.99999999999999
2025-01-09_06:39:13.576;50.00;407;1458.2;99.99999999999999
2025-01-09_06:39:14.776;50.00;398;1481.1;99.99999999999999
2025-01-09_06:39:15.946;51.28;418;1445.7;99.99999999999999
2025-01-09_06:39:17.116;51.28;414;1467.9;99.99999999999999
2025-01-09_06:39:18.286;51.28;415;1474.6;99.99999999999999
2025-01-09_06:39:19.456;51.28;411;1472.6;100.0
2025-01-09_06:39:20.626;51.28;398;1476.7;100.0
2025-01-09_06:39:21.856;48.78;409;1468.4;100.0
2025-01-09_06:39:23.026;51.28;404;1480.8;100.0
2025-01-09_06:39:24.256;48.78;410;1468.7;100.0
2025-01-09_06:39:25.426;51.28;409;1474.0;99.74842767295597
2025-01-09_06:39:26.596;51.28;398;1477.0;99.49685534591195
2025-01-09_06:39:27.826;48.78;404;1479.9;99.24528301886792
2025-01-09_06:39:29.026;50.00;385;1476.0;98.99371069182389
2025-01-09_06:39:30.227;49.96;402;1473.4;98.74213836477988
2025-01-09_06:39:31.426;50.04;410;1477.0;98.23899371069183
2025-01-09_06:39:32.627;49.96;412;1481.5;97.9874213836478
2025-01-09_06:39:33.886;47.66;410;1477.0;97.73584905660377
2025-01-09_06:39:35.086;50.00;393;1488.2;97.48427672955975
2025-01-09_06:39:36.346;47.62;418;1468.5;97.23270440251572
2025-01-09_06:39:37.546;50.00;385;1478.7;96.72955974842768
2025-01-09_06:39:38.746;50.00;407;1469.8;96.47798742138365
2025-01-09_06:39:39.977;48.74;417;1428.9;96.22641509433963
2025-01-09_06:39:41.176;50.04;413;1469.7;95.9748427672956
2025-01-09_06:39:42.346;51.28;400;1480.2;95.72327044025157
2025-01-09_06:39:43.521;51.06;403;1483.9;95.22012578616352
2025-01-09_06:39:44.781;47.62;410;1478.0;94.96855345911949
2025-01-09_06:39:45.981;50.00;382;1478.7;94.71698113207547
2025-01-09_06:39:47.181;50.00;392;1476.4;94.46540880503144
2025-01-09_06:39:48.411;48.78;386;1471.6;93.9622641509434
2025-01-09_06:39:49.646;48.58;417;1472.9;93.71069182389937
2025-01-09_06:39:50.846;50.00;413;1452.5;93.45911949685535
2025-01-09_06:39:52.106;47.62;422;1467.4;93.20754716981132
2025-01-09_06:39:53.376;47.24;419;1437.3;92.95597484276729
2025-01-09_06:39:54.587;49.55;399;1468.8;92.45283018867924
2025-01-09_06:39:55.816;48.82;386;1479.6;92.20125786163521
2025-01-09_06:39:57.046;48.78;415;1462.5;91.9496855345912
2025-01-09_06:39:58.216;51.28;404;1468.7;91.69811320754717
2025-01-09_06:39:59.417;49.96;410;1473.9;91.19496855345912
2025-01-09_06:40:00.646;48.82;416;1472.3;90.94339622641509
2025-01-09_06:40:01.911;47.43;415;1458.4;90.69182389937107
2025-01-09_06:40:03.141;48.78;398;1374.0;90.44025157232704
2025-01-09_06:40:04.376;48.58;407;1411.2;90.18867924528303
2025-01-09_06:40:05.606;48.78;401;1477.0;89.68553459119497
2025-01-09_06:40:06.806;50.00;389;1473.6;89.43396226415095
2025-01-09_06:40:08.006;50.00;405;1475.5;89.18238993710692
2025-01-09_06:40:09.242;48.54;401;1476.3;88.93081761006289
2025-01-09_06:40:10.441;50.04;417;1460.9;88.42767295597484
2025-01-09_06:40:11.612;51.24;416;1459.2;88.17610062893081
2025-01-09_06:40:12.781;51.33;406;1473.7;87.9245283018868
2025-01-09_06:40:13.983;49.92;391;1477.3;87.67295597484276
2025-01-09_06:40:15.181;50.08;408;1471.1;87.42138364779873
2025-01-09_06:40:16.382;49.96;410;1467.4;87.16981132075472
2025-01-09_06:40:17.581;50.04;393;1373.4;86.66666666666667
2025-01-09_06:40:18.781;50.00;406;1470.8;86.41509433962264
2025-01-09_06:40:20.012;48.74;409;1470.6;86.16352201257861
2025-01-09_06:40:21.242;48.78;389;1479.0;85.9119496855346
2025-01-09_06:40:22.471;48.82;398;1477.3;85.40880503144655
2025-01-09_06:40:23.642;51.24;393;1479.6;85.15723270440252
2025-01-09_06:40:24.842;50.00;397;1486.0;84.90566037735849
2025-01-09_06:40:26.042;50.00;415;1489.9;84.65408805031447
2025-01-09_06:40:27.242;50.00;413;1484.7;84.40251572327044
2025-01-09_06:40:28.441;50.04;406;1486.0;83.8993710691824
2025-01-09_06:40:29.672;48.74;409;1479.6;83.64779874213836
2025-01-09_06:40:30.902;48.78;407;1478.7;83.39622641509433
2025-01-09_06:40:32.102;50.00;406;1488.8;83.14465408805032
2025-01-09_06:40:33.302;50.00;396;1477.6;82.89308176100629
2025-01-09_06:40:34.532;48.78;386;1481.7;82.38993710691824
2025-01-09_06:40:35.762;48.78;411;1479.6;82.13836477987421
2025-01-09_06:40:36.962;50.00;390;1475.9;81.88679245283019
2025-01-09_06:40:38.162;50.00;411;1467.4;81.63522012578616
2025-01-09_06:40:39.392;48.78;392;1476.8;81.38364779874215
2025-01-09_06:40:40.562;51.28;404;1471.1;80.88050314465409
2025-01-09_06:40:41.792;48.78;403;1478.5;80.62893081761007
2025-01-09_06:40:43.022;48.78;412;1472.3;80.37735849056604
2025-01-09_06:40:44.222;50.00;404;1473.9;80.12578616352201
2025-01-09_06:40:45.422;50.00;409;1478.7;79.62264150943396
2025-01-09_06:40:46.622;50.00;400;1475.8;79.37106918238993
2025-01-09_06:40:47.822;50.00;404;1478.6;79.11949685534591
2025-01-09_06:40:48.992;51.28;398;1478.9;78.86792452830188
2025-01-09_06:40:50.222;48.78;401;1473.8;78.61635220125785
2025-01-09_06:40:51.422;50.00;412;1486.5;78.11320754716981
2025-01-09_06:40:52.622;50.00;406;1480.1;77.86163522012579
2025-01-09_06:40:53.852;48.78;405;1485.4;77.61006289308176
2025-01-09_06:40:55.022;51.28;403;1477.4;77.35849056603774
2025-01-09_06:40:56.222;50.00;392;1479.3;77.10691823899371
2025-01-09_06:40:57.422;50.00;400;1485.2;76.60377358490567
2025-01-09_06:40:58.652;48.78;407;1484.1;76.35220125786164
2025-01-09_06:40:59.852;50.00;410;1479.4;76.1006289308176
2025-01-09_06:41:01.052;50.00;399;1479.3;75.84905660377359
2025-01-09_06:41:02.252;50.00;413;1488.0;75.59748427672956
2025-01-09_06:41:03.453;49.96;413;1486.0;75.09433962264151
2025-01-09_06:41:04.622;51.33;413;1473.2;74.84276729559748
2025-01-09_06:41:05.852;48.78;406;1490.2;74.59119496855345
2025-01-09_06:41:07.082;48.78;397;1491.0;74.33962264150944
2025-01-09_06:41:08.312;48.78;412;1487.0;74.0880503144654
2025-01-09_06:41:09.543;48.74;406;1488.7;73.58490566037736
2025-01-09_06:41:10.742;50.04;401;1493.6;73.33333333333333
2025-01-09_06:41:11.972;48.78;414;1491.7;73.08176100628931
2025-01-09_06:41:13.142;51.28;412;1482.2;72.83018867924528
2025-01-09_06:41:14.342;50.00;391;1484.0;72.57861635220127
2025-01-09_06:41:15.572;48.78;415;1489.2;72.0754716981132
2025-01-09_06:41:16.752;50.85;394;1481.0;71.82389937106919
2025-01-09_06:41:17.987;48.58;414;1486.2;71.57232704402516
2025-01-09_06:41:19.157;51.28;410;1481.3;71.32075471698113
2025-01-09_06:41:20.392;48.58;406;1481.0;71.06918238993711
2025-01-09_06:41:21.592;50.00;407;1482.2;70.56603773584905
2025-01-09_06:41:22.792;50.00;411;1489.6;70.31446540880503
2025-01-09_06:41:23.992;50.00;413;1477.0;70.062893081761
2025-01-09_06:41:25.222;48.78;416;1481.5;69.81132075471697
2025-01-09_06:41:26.452;48.78;409;1479.2;69.30817610062893
2025-01-09_06:41:27.682;48.78;413;1472.1;69.05660377358491
2025-01-09_06:41:28.912;48.78;401;1477.1;68.80503144654088
2025-01-09_06:41:30.082;51.28;412;1475.5;68.55345911949686
2025-01-09_06:41:31.372;46.51;412;1473.7;68.30188679245283
2025-01-09_06:41:32.602;48.78;406;1483.4;67.79874213836479
2025-01-09_06:41:33.832;48.78;414;1484.2;67.54716981132076
2025-01-09_06:41:35.063;48.74;404;1474.5;67.29559748427673
2025-01-09_06:41:36.262;50.04;411;1483.5;67.04402515723271
2025-01-09_06:41:37.522;47.62;402;1454.4;66.54088050314465
2025-01-09_06:41:38.753;48.74;408;1486.3;66.28930817610063
2025-01-09_06:41:39.952;50.04;395;1478.4;66.0377358490566
2025-01-09_06:41:41.157;49.79;402;1474.1;65.78616352201257
2025-01-09_06:41:42.357;50.00;409;1471.9;65.53459119496856
2025-01-09_06:41:43.531;51.11;410;1482.9;65.0314465408805
2025-01-09_06:41:44.757;48.94;410;1441.6;64.77987421383648
2025-01-09_06:41:45.991;48.62;410;1470.5;64.52830188679246
2025-01-09_06:41:47.217;48.94;414;1457.8;64.27672955974842
2025-01-09_06:41:48.448;48.74;417;1433.9;63.77358490566038
2025-01-09_06:41:49.618;51.28;411;1463.6;63.522012578616355
2025-01-09_06:41:50.847;48.82;400;1365.2;63.270440251572325
2025-01-09_06:41:52.048;49.96;409;1407.0;63.0188679245283
2025-01-09_06:41:53.218;51.28;401;1387.8;62.76729559748428
2025-01-09_06:41:54.448;48.78;402;1374.2;62.264150943396224
2025-01-09_06:41:55.648;50.00;416;1427.0;62.0125786163522
2025-01-09_06:41:56.849;49.96;404;1429.2;61.76100628930818
2025-01-09_06:41:58.048;50.04;397;1353.4;61.509433962264154
2025-01-09_06:41:59.253;49.79;403;1391.6;61.257861635220124
2025-01-09_06:42:00.423;51.28;422;1451.9;60.75471698113208
2025-01-09_06:42:01.623;50.00;404;1451.7;60.503144654088054
2025-01-09_06:42:02.793;51.28;413;1411.5;60.25157232704402
2025-01-09_06:42:03.963;51.28;411;1446.9;60.0
2025-01-09_06:42:05.133;51.28;401;1477.3;100.0
2025-01-09_06:42:06.243;54.05;389;1337.4;100.0
2025-01-09_06:42:07.413;51.28;410;1478.2;100.0
2025-01-09_06:42:08.553;52.63;410;1447.5;100.0
2025-01-09_06:42:09.723;51.28;419;1430.1;100.0
2025-01-09_06:42:10.893;51.28;415;1452.2;100.0
2025-01-09_06:42:12.093;50.00;406;1387.1;100.0
2025-01-09_06:42:13.263;51.28;417;1444.7;100.0
2025-01-09_06:42:14.403;52.63;413;1421.9;100.0
2025-01-09_06:42:15.543;52.63;409;1469.6;100.0
2025-01-09_06:42:16.688;52.40;416;1452.6;100.0
2025-01-09_06:42:17.858;51.28;403;1407.6;100.0
2025-01-09_06:42:19.028;51.28;406;1391.6;100.0
2025-01-09_06:42:20.168;52.63;408;1416.9;100.0
2025-01-09_06:42:21.338;51.28;411;1476.7;100.0
2025-01-09_06:42:22.538;50.00;416;1472.3;100.0
2025-01-09_06:42:23.708;51.28;410;1473.1;100.0
2025-01-09_06:42:24.848;52.63;419;1461.1;100.0
2025-01-09_06:42:26.018;51.28;405;1417.7;100.0
2025-01-09_06:42:27.163;52.40;406;1429.5;100.0
2025-01-09_06:42:28.333;51.28;409;1440.0;100.0
2025-01-09_06:42:29.473;52.63;415;1456.9;100.0
2025-01-09_06:42:30.613;52.63;416;1464.2;100.0
2025-01-09_06:42:31.723;54.05;416;1461.4;100.0
2025-01-09_06:42:32.893;51.28;417;1474.6;100.0
2025-01-09_06:42:34.064;51.24;414;1454.9;100.0
2025-01-09_06:42:35.233;51.33;399;1389.1;100.0
2025-01-09_06:42:36.373;52.63;416;1463.4;100.0
2025-01-09_06:42:37.513;52.63;414;1439.2;100.0
2025-01-09_06:42:38.653;52.63;417;1462.6;100.0
2025-01-09_06:42:39.793;52.63;413;1449.8;100.0
2025-01-09_06:42:40.933;52.63;418;1473.2;100.0
2025-01-09_06:42:42.073;52.63;408;1467.4;100.0
2025-01-09_06:42:43.183;54.05;409;1473.7;100.0
2025-01-09_06:42:44.323;52.63;419;1470.6;100.0
2025-01-09_06:42:45.463;52.63;411;1434.0;100.0
2025-01-09_06:42:46.639;51.02;421;1465.3;100.0
2025-01-09_06:42:47.778;52.68;407;1426.6;100.0
2025-01-09_06:42:48.918;52.63;416;1468.1;100.0
2025-01-09_06:42:50.058;52.63;404;1391.9;100.0
2025-01-09_06:42:51.198;52.63;412;1439.5;100.0
2025-01-09_06:42:52.339;52.59;401;1404.8;100.0
2025-01-09_06:42:53.479;52.63;400;1390.2;100.0
2025-01-09_06:42:54.618;52.68;402;1407.3;100.0
2025-01-09_06:42:55.764;52.36;416;1456.9;100.0
2025-01-09_06:42:56.874;54.05;410;1394.9;100.0
2025-01-09_06:42:58.014;52.63;415;1463.6;100.0
2025-01-09_06:42:59.154;52.63;411;1428.3;100.0
2025-01-09_06:43:00.294;52.63;404;1414.2;100.0
2025-01-09_06:43:01.434;52.63;400;1411.2;100.0
2025-01-09_06:43:02.544;54.05;412;1433.8;100.0
2025-01-09_06:43:03.654;54.05;418;1461.4;100.0
2025-01-09_06:43:04.734;55.56;416;1417.9;100.0
2025-01-09_06:43:05.844;54.05;395;1476.4;100.0
2025-01-09_06:43:06.924;55.56;411;1452.0;100.0
2025-01-09_06:43:08.064;52.63;403;1404.2;100.0
2025-01-09_06:43:09.144;55.56;408;1432.9;100.0
2025-01-09_06:43:10.254;54.05;409;1478.3;100.0
2025-01-09_06:43:11.364;54.05;413;1469.6;100.0
2025-01-09_06:43:12.534;51.28;394;1467.9;100.0
2025-01-09_06:43:13.709;51.06;410;1478.1;100.0
2025-01-09_06:43:14.881;51.19;413;1471.5;100.0
2025-01-09_06:43:16.019;52.72;410;1472.4;100.0
2025-01-09_06:43:17.225;49.75;414;1471.2;100.0
2025-01-09_06:43:18.364;52.68;405;1475.7;100.0
2025-01-09_06:43:19.504;52.63;413;1467.1;100.0
2025-01-09_06:43:20.614;54.05;401;1477.0;100.0
2025-01-09_06:43:21.754;52.63;402;1478.6;100.0
2025-01-09_06:43:22.869;53.81;411;1476.6;100.0
2025-01-09_06:43:24.009;52.63;397;1474.7;100.0
2025-01-09_06:43:25.149;52.63;389;1482.4;100.0
2025-01-09_06:43:26.259;54.05;418;1453.6;100.0
2025-01-09_06:43:27.399;52.63;415;1475.5;100.0
2025-01-09_06:43:28.539;52.63;405;1474.6;100.0
2025-01-09_06:43:29.654;53.81;412;1474.0;100.0
2025-01-09_06:43:30.794;52.63;411;1471.3;100.0
2025-01-09_06:43:31.934;52.63;415;1474.8;100.0
2025-01-09_06:43:33.044;54.05;397;1473.1;100.0
2025-01-09_06:43:34.184;52.63;416;1468.0;100.0
2025-01-09_06:43:35.294;54.05;412;1473.1;100.0
2025-01-09_06:43:36.404;54.05;394;1467.2;100.0
2025-01-09_06:43:37.575;51.24;416;1458.5;100.0
2025-01-09_06:43:38.714;52.68;410;1437.5;100.0
2025-01-09_06:43:39.824;54.05;391;1472.1;100.0
2025-01-09_06:43:40.964;52.63;409;1465.7;100.0
2025-01-09_06:43:42.105;52.59;417;1470.5;100.0
2025-01-09_06:43:43.244;52.68;396;1480.0;100.0
2025-01-09_06:43:44.354;54.05;391;1482.7;100.0
2025-01-09_06:43:45.494;52.63;390;1483.1;100.0
2025-01-09_06:43:46.635;52.59;405;1474.8;100.0
2025-01-09_06:43:47.779;52.45;409;1406.6;100.0
2025-01-09_06:43:48.919;52.63;415;1459.8;100.0
2025-01-09_06:43:50.059;52.63;418;1470.6;100.0
2025-01-09_06:43:51.200;52.59;400;1478.2;100.0
2025-01-09_06:43:52.340;52.63;390;1480.3;100.0
2025-01-09_06:43:53.510;51.28;416;1454.9;100.0
2025-01-09_06:43:54.621;54.01;413;1476.4;100.0
2025-01-09_06:43:55.760;52.68;405;1471.1;100.0
2025-01-09_06:43:56.899;52.68;411;1470.2;100.0
2025-01-09_06:43:58.040;52.59;392;1472.1;100.0
2025-01-09_06:43:59.179;52.68;416;1459.4;100.0
2025-01-09_06:44:00.319;52.63;407;1482.8;100.0
2025-01-09_06:44:01.460;52.59;387;1473.6;100.0
2025-01-09_06:44:02.660;50.00;413;1473.2;100.0
2025-01-09_06:44:03.799;52.68;394;1468.1;100.0
2025-01-09_06:44:04.910;54.01;417;1481.9;100.0
2025-01-09_06:44:06.020;54.05;407;1478.3;100.0
2025-01-09_06:44:07.135;53.81;400;1478.3;100.0
2025-01-09_06:44:08.275;52.63;407;1481.9;100.0
2025-01-09_06:44:09.415;52.63;403;1474.2;100.0
2025-01-09_06:44:10.563;52.26;396;1485.8;100.0
2025-01-09_06:44:11.640;55.71;399;1481.3;100.0
2025-01-09_06:44:12.811;51.24;387;1478.4;100.0
2025-01-09_06:44:13.920;54.10;390;1486.8;100.0
2025-01-09_06:44:15.060;52.63;403;1483.7;100.0
2025-01-09_06:44:16.200;52.63;402;1480.8;100.0
2025-01-09_06:44:17.340;52.63;394;1474.7;100.0
2025-01-09_06:44:18.480;52.63;395;1479.0;100.0
2025-01-09_06:44:19.590;54.05;391;1479.6;100.0
2025-01-09_06:44:20.700;54.05;413;1473.0;100.0
2025-01-09_06:44:21.810;54.05;404;1487.6;100.0
2025-01-09_06:44:22.950;52.63;402;1480.4;100.0
2025-01-09_06:44:24.095;52.40;392;1479.1;100.0
2025-01-09_06:44:25.205;54.05;410;1479.7;100.0
2025-01-09_06:44:26.345;52.63;405;1474.8;100.0
2025-01-09_06:44:27.485;52.63;396;1482.6;100.0
2025-01-09_06:44:28.595;54.05;404;1480.4;100.0
2025-01-09_06:44:29.675;55.56;411;1487.5;100.0
2025-01-09_06:44:30.785;54.05;401;1471.3;100.0
2025-01-09_06:44:31.865;55.56;399;1475.5;100.0
2025-01-09_06:44:32.975;54.05;414;1482.4;100.0
2025-01-09_06:44:34.055;55.56;404;1480.2;100.0
2025-01-09_06:44:35.135;55.56;405;1478.3;100.0
2025-01-09_06:44:36.245;54.05;403;1480.9;100.0
2025-01-09_06:44:37.355;54.05;400;1480.6;100.0
2025-01-09_06:44:38.495;52.63;405;1483.6;100.0
2025-01-09_06:44:39.575;55.56;400;1482.3;100.0
2025-01-09_06:44:40.655;55.56;390;1474.9;100.0
2025-01-09_06:44:41.795;52.63;393;1480.6;100.0
2025-01-09_06:44:42.850;56.87;397;1478.2;100.0
2025-01-09_06:44:43.960;54.05;398;1473.3;100.0
2025-01-09_06:44:45.100;52.63;395;1480.6;100.0
2025-01-09_06:44:46.240;52.63;401;1473.2;100.0
2025-01-09_06:44:47.380;52.63;396;1486.8;100.0
2025-01-09_06:44:48.520;52.63;398;1486.0;100.0
2025-01-09_06:44:49.665;52.40;386;1481.1;100.0
2025-01-09_06:44:50.775;54.05;370;1492.2;100.0
2025-01-09_06:44:51.915;52.63;405;1481.7;100.0
2025-01-09_06:44:53.025;54.05;398;1475.8;100.0
2025-01-09_06:44:54.135;54.05;397;1468.8;100.0
2025-01-09_06:44:55.275;52.63;414;1475.9;100.0
2025-01-09_06:44:56.415;52.63;409;1480.4;100.0
2025-01-09_06:44:57.555;52.63;380;1482.3;100.0
2025-01-09_06:44:58.695;52.63;393;1480.9;100.0
2025-01-09_06:44:59.835;52.63;413;1473.8;100.0
2025-01-09_06:45:00.975;52.63;393;1480.6;100.0
2025-01-09_06:45:02.115;52.63;407;1474.9;100.0
2025-01-09_06:45:03.255;52.63;415;1473.8;100.0
2025-01-09_06:45:04.365;54.05;405;1480.6;100.0
2025-01-09_06:45:05.541;51.02;396;1478.7;100.0
2025-01-09_06:45:06.681;52.63;393;1480.2;100.0
2025-01-09_06:45:07.850;51.33;399;1487.4;100.0
2025-01-09_06:45:09.020;51.28;381;1482.8;100.0
2025-01-09_06:45:10.160;52.63;404;1474.7;100.0
2025-01-09_06:45:11.301;52.59;403;1481.2;100.0
2025-01-09_06:45:12.441;52.63;398;1466.6;100.0
2025-01-09_06:45:13.585;52.45;406;1471.8;100.0
2025-01-09_06:45:14.726;52.59;399;1475.3;100.0
2025-01-09_06:45:15.836;54.05;408;1472.4;100.0
2025-01-09_06:45:16.976;52.63;395;1479.5;100.0
2025-01-09_06:45:18.076;54.55;402;1474.5;100.0
2025-01-09_06:45:19.185;54.10;397;1482.6;100.0
2025-01-09_06:45:20.296;54.01;414;1485.7;100.0
2025-01-09_06:45:21.466;51.28;380;1479.8;100.0
2025-01-09_06:45:22.636;51.28;410;1482.2;100.0
2025-01-09_06:45:23.746;54.05;411;1466.7;100.0
2025-01-09_06:45:24.886;52.63;401;1482.2;100.0
2025-01-09_06:45:26.056;51.28;414;1481.4;100.0
2025-01-09_06:45:27.227;51.24;398;1480.7;100.0
2025-01-09_06:45:28.366;52.68;394;1476.4;100.0
2025-01-09_06:45:29.511;52.40;394;1475.3;100.0
2025-01-09_06:45:30.681;51.28;403;1474.5;100.0
2025-01-09_06:45:31.941;47.62;414;1481.6;100.0
2025-01-09_06:45:33.201;47.62;410;1464.2;100.0
2025-01-09_06:45:34.522;45.42;417;1464.7;100.0
2025-01-09_06:45:35.756;48.62;400;1478.6;100.0
2025-01-09_06:45:36.986;48.78;421;1441.6;100.0
2025-01-09_06:45:38.218;48.70;396;1472.8;100.0
2025-01-09_06:45:39.391;51.15;395;1472.8;100.0
2025-01-09_06:45:40.591;50.00;412;1448.6;100.0
2025-01-09_06:45:41.791;50.00;405;1474.2;100.0
2025-01-09_06:45:43.021;48.78;404;1481.1;100.0
2025-01-09_06:45:44.221;50.00;414;1455.8;100.0
2025-01-09_06:45:45.421;50.00;402;1476.0;100.0
2025-01-09_06:45:46.621;50.00;395;1482.3;100.0
2025-01-09_06:45:47.821;50.00;400;1475.1;100.0
2025-01-09_06:45:49.051;48.78;419;1472.8;100.0
2025-01-09_06:45:50.281;48.78;414;1454.9;100.0
2025-01-09_06:45:51.481;50.00;414;1466.7;100.0
2025-01-09_06:45:52.681;50.00;418;1461.5;100.0
2025-01-09_06:45:53.851;51.28;417;1469.9;100.0
2025-01-09_06:45:55.021;51.28;406;1477.4;100.0
2025-01-09_06:45:56.283;47.54;401;1476.5;100.0
2025-01-09_06:45:57.456;51.15;416;1445.9;100.0
2025-01-09_06:45:58.631;51.06;383;1476.8;100.0
2025-01-09_06:45:59.801;51.28;387;1475.0;100.0
2025-01-09_06:46:00.971;51.28;410;1477.8;100.0
2025-01-09_06:46:02.171;50.00;412;1475.9;100.0
2025-01-09_06:46:03.371;50.00;405;1473.2;100.0
2025-01-09_06:46:04.546;51.06;382;1478.5;100.0
2025-01-09_06:46:05.721;51.06;414;1476.8;100.00000000000001
2025-01-09_06:46:06.892;51.24;406;1474.8;99.75308641975309
2025-01-09_06:46:08.031;52.68;388;1481.8;99.01234567901234
2025-01-09_06:46:09.201;51.28;414;1477.2;97.77777777777777
2025-01-09_06:46:10.373;51.19;392;1474.0;96.04938271604938
2025-01-09_06:46:11.571;50.08;394;1473.2;91.1111111111111
2025-01-09_06:46:12.771;50.00;386;1475.8;87.90123456790123
2025-01-09_06:46:13.941;51.28;420;1436.1;84.19753086419752
2025-01-09_06:46:15.141;50.00;410;1401.9;79.99999999999997
2025-01-09_06:46:16.312;51.24;413;1473.1;75.80246913580245
2025-01-09_06:46:17.452;52.63;423;1465.9;68.88888888888887
2025-01-09_06:46:18.471;58.88;408;1471.7;66.17283950617283
2025-01-09_06:46:19.583;53.96;382;1288.7;63.950617283950606
2025-01-09_06:46:20.661;55.66;409;1407.0;62.222222222222214
2025-01-09_06:46:21.711;57.14;403;1385.2;60.98765432098766
2025-01-09_06:46:22.821;54.05;385;1354.9;60.2469135802469
2025-01-09_06:46:23.871;57.14;396;1387.1;60.0
2025-01-09_06:46:24.952;55.50;377;1324.6;60.0
2025-01-09_06:46:25.972;58.82;379;1288.8;60.0
2025-01-09_06:46:27.052;55.56;397;1353.2;60.0
2025-01-09_06:46:28.106;56.93;394;1335.8;60.0
2025-01-09_06:46:29.186;55.56;386;1323.4;60.0
2025-01-09_06:46:30.237;57.09;392;1323.6;60.0
2025-01-09_06:46:31.287;57.14;369;1281.8;60.0
2025-01-09_06:46:32.337;57.14;388;1315.8;60.0
2025-01-09_06:46:33.387;57.14;373;1287.5;60.0
2025-01-09_06:46:34.467;55.56;383;1321.7;60.0
2025-01-09_06:46:35.517;57.14;374;1314.4;60.0
2025-01-09_06:46:36.597;55.56;389;1360.3;60.0
2025-01-09_06:46:37.707;54.05;379;1304.7;60.0
2025-01-09_06:46:38.762;56.87;393;1357.4;60.0
2025-01-09_06:46:39.872;54.05;383;1302.2;60.0
2025-01-09_06:46:40.952;55.56;375;1282.8;60.0
2025-01-09_06:46:42.062;54.05;370;1288.1;60.0
2025-01-09_06:46:43.172;54.05;368;1282.0;60.0
2025-01-09_06:46:44.282;54.05;357;1209.2;60.0
2025-01-09_06:46:45.362;55.56;379;1272.5;60.0
2025-01-09_06:46:46.442;55.56;375;1280.7;60.0
2025-01-09_06:46:47.522;55.56;364;1236.8;60.0
2025-01-09_06:46:48.632;54.05;373;1272.2;60.0
2025-01-09_06:46:49.712;55.56;375;1287.9;60.0
2025-01-09_06:46:50.762;57.14;370;1297.3;60.0
2025-01-09_06:46:51.842;55.56;337;1182.3;60.0
2025-01-09_06:46:52.922;55.56;354;1188.9;60.0
2025-01-09_06:46:54.002;55.56;370;1268.6;60.0
2025-01-09_06:46:55.082;55.56;382;1350.6;60.0
2025-01-09_06:46:56.132;57.14;352;1208.2;60.0
2025-01-09_06:46:57.212;55.56;352;1225.2;60.0
2025-01-09_06:46:58.292;55.56;336;1156.1;60.0
2025-01-09_06:46:59.342;57.14;341;1161.1;60.0
2025-01-09_06:47:00.392;57.14;359;1235.9;60.0
2025-01-09_06:47:01.442;57.14;333;1154.0;60.0
2025-01-09_06:47:02.522;55.56;333;1135.6;60.0
2025-01-09_06:47:03.572;57.14;365;1255.4;60.0
2025-01-09_06:47:04.622;57.14;362;1273.6;60.0
2025-01-09_06:47:05.642;58.82;350;1205.2;60.0
2025-01-09_06:47:06.692;57.14;368;1271.6;60.0
2025-01-09_06:47:07.772;55.56;357;1274.2;60.0
2025-01-09_06:47:08.792;58.82;352;1206.5;60.0
2025-01-09_06:47:09.842;57.14;373;1276.6;60.0
2025-01-09_06:47:10.862;58.82;372;1256.6;60.0
2025-01-09_06:47:11.947;55.30;345;1179.7;60.0
2025-01-09_06:47:13.027;55.56;362;1294.4;60.0
2025-01-09_06:47:14.077;57.14;364;1247.5;60.0
2025-01-09_06:47:15.217;52.63;366;1285.5;60.0
2025-01-09_06:47:16.272;56.87;376;1293.1;60.0
2025-01-09_06:47:17.382;54.05;347;1250.9;60.0
2025-01-09_06:47:18.462;55.56;377;1292.1;60.0
2025-01-09_06:47:19.513;57.09;405;1386.0;60.0
2025-01-09_06:47:20.562;57.20;374;1324.3;60.0
2025-01-09_06:47:21.643;55.50;367;1257.6;60.0
2025-01-09_06:47:22.722;55.61;343;1204.5;60.0
2025-01-09_06:47:23.802;55.56;355;1240.0;60.0
2025-01-09_06:47:24.882;55.56;368;1297.4;60.0
2025-01-09_06:47:25.992;54.05;345;1204.7;60.0
2025-01-09_06:47:27.102;54.05;374;1267.7;60.24691358024691
2025-01-09_06:47:28.182;55.56;365;1231.3;60.98765432098765
2025-01-09_06:47:29.292;54.05;389;1338.0;62.22222222222222
2025-01-09_06:47:30.372;55.56;368;1240.8;63.95061728395062
2025-01-09_06:47:31.457;55.30;400;1368.5;68.88888888888889
2025-01-09_06:47:32.567;54.05;399;1362.8;72.09876543209876
2025-01-09_06:47:33.677;54.05;424;1427.8;75.80246913580247
2025-01-09_06:47:34.727;57.14;396;1337.1;80.0
2025-01-09_06:47:35.808;55.50;395;1365.3;84.19753086419753
2025-01-09_06:47:36.887;55.61;417;1439.5;87.90123456790123
2025-01-09_06:47:37.997;54.05;405;1399.7;91.1111111111111
2025-01-09_06:47:39.077;55.56;414;1387.6;93.82716049382717
2025-01-09_06:47:40.187;54.05;413;1424.8;96.0493827160494
2025-01-09_06:47:41.268;55.50;414;1426.6;97.77777777777777
2025-01-09_06:47:42.377;54.10;408;1451.8;99.01234567901233
2025-01-09_06:47:43.457;55.56;408;1470.6;100.0
2025-01-09_06:47:44.568;54.01;416;1417.5;100.0
2025-01-09_06:47:45.678;54.05;384;1299.4;100.0
2025-01-09_06:47:46.758;55.56;405;1384.9;100.0
2025-01-09_06:47:47.838;55.56;405;1389.2;100.0
2025-01-09_06:47:48.978;52.63;403;1356.8;100.0
2025-01-09_06:47:50.088;54.05;406;1421.3;100.0
2025-01-09_06:47:51.198;54.05;386;1334.5;100.0
2025-01-09_06:47:52.338;52.63;410;1405.5;100.0
2025-01-09_06:47:53.418;55.56;407;1397.6;100.0
2025-01-09_06:47:54.588;51.28;403;1418.3;100.0
2025-01-09_06:47:55.698;54.05;408;1420.4;100.0
2025-01-09_06:47:56.808;54.05;418;1438.0;100.0
2025-01-09_06:47:57.918;54.05;397;1371.7;100.0
2025-01-09_06:47:59.058;52.63;413;1404.5;100.0
2025-01-09_06:48:00.168;54.05;410;1399.7;100.0
2025-01-09_06:48:01.278;54.05;399;1349.2;100.0
2025-01-09_06:48:02.388;54.05;414;1420.6;100.0
2025-01-09_06:48:03.528;52.63;405;1379.9;100.0
2025-01-09_06:48:04.668;52.63;405;1421.4;100.0
2025-01-09_06:48:05.778;54.05;401;1401.9;100.0
2025-01-09_06:48:06.888;54.05;408;1400.8;100.0
2025-01-09_06:48:07.998;54.05;396;1382.5;100.0
2025-01-09_06:48:09.138;52.63;385;1332.7;100.0
2025-01-09_06:48:10.278;52.63;397;1354.3;100.0
2025-01-09_06:48:11.388;54.05;400;1380.2;100.0
2025-01-09_06:48:12.528;52.63;411;1420.0;100.0
2025-01-09_06:48:13.668;52.63;392;1343.6;100.0
2025-01-09_06:48:14.838;51.28;386;1325.5;100.0
2025-01-09_06:48:15.978;52.63;399;1377.7;100.0
2025-01-09_06:48:17.118;52.63;397;1393.8;100.0
2025-01-09_06:48:18.258;52.63;407;1440.6;100.0
2025-01-09_06:48:19.433;51.06;404;1389.7;100.0
2025-01-09_06:48:20.543;54.05;415;1425.4;100.0
2025-01-09_06:48:21.683;52.63;398;1371.5;100.0
2025-01-09_06:48:22.793;54.05;403;1387.9;100.0
2025-01-09_06:48:23.933;52.63;391;1330.0;100.0
2025-01-09_06:48:25.073;52.63;403;1377.2;100.0
2025-01-09_06:48:26.243;51.28;413;1443.3;100.0
2025-01-09_06:48:27.383;52.63;408;1469.7;100.0
2025-01-09_06:48:28.588;49.79;408;1445.8;100.0
2025-01-09_06:48:29.758;51.28;397;1382.4;100.0
2025-01-09_06:48:30.903;52.40;408;1440.0;100.0
2025-01-09_06:48:32.045;52.54;404;1369.6;100.0
2025-01-09_06:48:33.154;54.10;416;1475.0;100.0
2025-01-09_06:48:34.293;52.68;418;1468.8;100.0
2025-01-09_06:48:35.433;52.63;415;1471.5;100.0
2025-01-09_06:48:36.603;51.28;409;1475.2;100.0
2025-01-09_06:48:37.743;52.63;388;1335.7;100.0
2025-01-09_06:48:38.883;52.63;411;1450.6;100.0
2025-01-09_06:48:40.024;52.59;417;1450.4;100.0
2025-01-09_06:48:41.133;54.10;416;1432.2;100.0
2025-01-09_06:48:41.378;0.00;32;51.7;100.0
2025-01-09_06:48:41.558;0.00;29;16.5;100.0
2025-01-09_06:48:41.798;0.00;27;19.2;100.0
2025-01-09_06:48:41.918;0.00;23;0.1;100.0
2025-01-09_06:48:42.278;0.00;28;35.8;100.0
2025-01-09_06:48:42.608;0.00;35;84.2;100.0
2025-01-09_06:48:42.998;0.00;34;48.9;100.0
2025-01-09_06:48:43.208;0.00;35;55.0;100.0
2025-01-09_06:48:43.328;0.00;7;45.7;100.0
2025-01-09_06:48:43.598;0.00;28;15.3;100.0
2025-01-09_06:48:43.778;0.00;29;45.3;100.0
2025-01-09_06:48:43.898;0.00;22;2.7;100.0
2025-01-09_06:48:44.048;0.00;27;25.1;100.0
2025-01-09_06:48:44.288;0.00;32;34.7;100.0
2025-01-09_06:48:44.858;105.26;36;10.8;100.0
2025-01-09_06:48:45.128;0.00;31;0.1;100.0
2025-01-09_06:48:45.218;0.00;31;0.1;100.0
2025-01-09_06:48:45.338;0.00;30;0.1;100.0
2025-01-09_06:48:45.819;124.74;32;9.8;100.0
2025-01-09_06:48:45.938;0.00;29;0.1;100.0
2025-01-09_06:48:46.868;64.52;30;17.6;100.0
2025-01-09_06:48:47.228;0.00;22;0.4;100.0
2025-01-09_06:48:47.648;142.86;22;0.5;100.0
2025-01-09_06:48:47.738;0.00;22;0.1;100.0
2025-01-09_06:48:47.978;0.00;22;0.2;100.0
2025-01-09_06:48:48.038;0.00;22;0.1;100.0
2025-01-09_06:48:48.098;0.00;22;0.1;100.0
2025-01-09_06:48:48.338;0.00;24;10.8;100.0
2025-01-09_06:48:48.398;0.00;24;17.3;100.0
2025-01-09_06:48:48.488;0.00;29;41.1;100.0
2025-01-09_06:48:48.728;0.00;41;88.8;100.0
2025-01-09_06:48:48.998;0.00;38;70.7;100.0
2025-01-09_06:48:49.238;0.00;33;51.0;100.0
2025-01-09_06:48:49.508;0.00;35;54.6;100.0
2025-01-09_06:48:49.748;0.00;34;51.5;100.0
2025-01-09_06:48:49.989;0.00;35;62.3;100.0
2025-01-09_06:48:50.228;0.00;32;51.5;100.0
2025-01-09_06:48:50.469;0.00;32;57.3;100.0
2025-01-09_06:48:50.738;0.00;40;95.4;100.0
2025-01-09_06:48:50.953;0.00;34;66.1;100.0
2025-01-09_06:48:51.223;0.00;41;97.3;100.0
2025-01-09_06:48:51.523;0.00;44;115.9;100.0
2025-01-09_06:48:51.793;0.00;43;108.3;100.0
2025-01-09_06:48:52.093;0.00;45;130.3;100.0
2025-01-09_06:48:52.394;0.00;43;121.0;100.0
2025-01-09_06:48:52.723;0.00;44;117.6;100.0
2025-01-09_06:48:53.023;0.00;43;119.8;100.0
2025-01-09_06:48:53.358;0.00;47;128.1;100.0
2025-01-09_06:48:53.658;0.00;42;75.6;100.0
2025-01-09_06:48:53.993;0.00;42;101.4;100.0
2025-01-09_06:48:54.264;0.00;36;89.3;100.0
2025-01-09_06:48:54.564;0.00;42;111.2;100.0
2025-01-09_06:48:54.863;0.00;41;108.4;100.0
2025-01-09_06:48:55.133;0.00;31;26.2;100.0
2025-01-09_06:48:56.573;41.67;329;1114.9;100.0
2025-01-09_06:48:57.803;48.78;323;1085.7;100.0
2025-01-09_06:48:58.973;51.28;362;1222.6;100.0
2025-01-09_06:49:00.144;51.24;364;1232.9;100.0
2025-01-09_06:49:01.344;50.00;372;1250.5;100.0
2025-01-09_06:49:02.544;50.00;384;1317.8;100.0
2025-01-09_06:49:03.714;51.28;392;1338.4;100.0
2025-01-09_06:49:04.854;52.63;382;1317.6;100.0
2025-01-09_06:49:06.054;50.00;342;1145.5;100.0
2025-01-09_06:49:07.284;48.78;390;1349.0;100.0
2025-01-09_06:49:08.423;52.68;398;1361.9;100.0
2025-01-09_06:49:09.594;51.24;402;1403.0;100.0
2025-01-09_06:49:10.764;51.28;401;1360.3;100.0
2025-01-09_06:49:11.934;51.28;395;1358.7;100.0
2025-01-09_06:49:13.104;51.28;403;1403.4;100.0
2025-01-09_06:49:14.304;50.00;402;1351.1;100.0
2025-01-09_06:49:15.474;51.28;404;1413.3;100.0
2025-01-09_06:49:16.644;51.28;411;1420.7;100.0
2025-01-09_06:49:17.814;51.28;393;1376.0;100.0
2025-01-09_06:49:18.984;51.28;390;1350.1;100.0
2025-01-09_06:49:20.184;50.00;360;1218.0;100.0
2025-01-09_06:49:21.354;51.28;406;1383.1;100.0
2025-01-09_06:49:22.554;50.00;393;1379.2;100.0
2025-01-09_06:49:23.784;48.78;370;1250.9;100.0
2025-01-09_06:49:24.984;50.00;390;1321.5;100.0
2025-01-09_06:49:26.184;50.00;393;1369.6;100.0
2025-01-09_06:49:27.384;50.00;385;1302.9;100.0
2025-01-09_06:49:28.554;51.28;401;1367.8;100.0
2025-01-09_06:49:29.784;48.78;379;1294.3;100.0
2025-01-09_06:49:30.984;50.00;400;1375.6;100.0
2025-01-09_06:49:32.184;50.00;387;1337.1;100.0
2025-01-09_06:49:33.355;51.24;414;1454.2;100.0
2025-01-09_06:49:34.554;50.04;418;1471.8;100.0
2025-01-09_06:49:35.694;52.63;407;1420.7;100.0
2025-01-09_06:49:36.864;51.28;417;1433.3;100.0
2025-01-09_06:49:38.064;50.00;407;1448.7;100.0
2025-01-09_06:49:39.264;50.00;415;1464.5;100.0
2025-01-09_06:49:40.434;51.28;394;1388.2;100.0
2025-01-09_06:49:41.604;51.28;412;1432.6;100.0
2025-01-09_06:49:42.751;52.31;413;1478.7;100.0
2025-01-09_06:49:43.979;48.86;397;1372.8;100.0
2025-01-09_06:49:45.149;51.28;400;1359.9;100.0
2025-01-09_06:49:46.349;50.00;406;1432.5;100.0
2025-01-09_06:49:47.549;50.00;413;1461.8;100.0
2025-01-09_06:49:48.779;48.78;386;1322.2;100.0
2025-01-09_06:49:49.349;105.26;99;254.4;100.0
2025-01-09_06:49:49.860;117.42;82;239.8;100.0
2025-01-09_06:49:50.369;117.88;70;217.2;100.0
2025-01-09_06:49:50.849;125.00;78;223.0;100.0
2025-01-09_06:49:52.019;51.28;71;219.8;100.0
2025-01-09_06:49:52.169;0.00;5;0.1;100.0
2025-01-09_06:49:52.291;0.00;5;2.8;100.0
2025-01-09_06:49:52.589;0.00;6;24.5;100.0
2025-01-09_06:49:52.831;0.00;5;1.4;100.0
2025-01-09_06:49:53.009;0.00;5;0.1;100.0
2025-01-09_06:49:53.099;0.00;5;1.0;100.0
2025-01-09_06:49:53.279;0.00;5;1.5;100.0
2025-01-09_06:49:53.399;0.00;6;31.1;100.0
2025-01-09_06:49:54.089;86.96;14;138.3;100.0
2025-01-09_06:49:54.989;66.67;5;1.1;100.0
2025-01-09_06:49:55.139;0.00;5;0.6;100.0
2025-01-09_06:49:55.319;0.00;5;8.2;100.0
2025-01-09_06:49:55.439;0.00;5;0.1;100.0
2025-01-09_06:49:55.589;0.00;5;0.1;100.0
2025-01-09_06:49:55.919;0.00;5;1.6;100.0
2025-01-09_06:49:56.039;0.00;5;4.9;100.0
2025-01-09_06:49:57.299;47.62;14;147.3;100.0
2025-01-09_06:49:57.839;111.11;16;186.1;100.0
2025-01-09_06:49:57.989;0.00;4;0.1;100.0
2025-01-09_06:49:58.229;0.00;4;0.2;100.0
2025-01-09_06:49:58.589;0.00;4;0.1;100.0
2025-01-09_06:49:59.189;100.00;7;46.8;100.0
2025-01-09_06:49:59.459;0.00;0;0.5;100.0
