TIMESTAMP;PULL_CADENCE;MAX_POWER;MAX_SPEED;MAX_TORQUE
2025-01-09_07:26:51.449;0.00;5;0.0;30
2025-01-09_07:26:51.838;0.00;19;102.4;30
2025-01-09_07:26:52.318;0.00;5;4.3;30
2025-01-09_07:26:52.408;0.00;4;0.1;30
2025-01-09_07:26:52.528;0.00;4;0.1;30
2025-01-09_07:26:52.828;0.00;4;0.1;30
2025-01-09_07:26:52.918;0.00;4;0.1;30
2025-01-09_07:26:53.038;0.00;4;0.1;30
2025-01-09_07:26:53.128;0.00;4;0.1;30
2025-01-09_07:26:53.188;0.00;4;0.1;30
2025-01-09_07:26:53.518;0.00;4;0.1;30
2025-01-09_07:26:53.638;0.00;4;0.1;30
2025-01-09_07:26:53.998;0.00;4;0.1;30
2025-01-09_07:26:54.089;0.00;4;0.1;30
2025-01-09_07:26:54.268;0.00;4;0.2;30
2025-01-09_07:26:54.418;0.00;4;0.1;30
2025-01-09_07:26:55.319;66.59;7;44.9;30
2025-01-09_07:26:55.528;0.00;5;0.1;30
2025-01-09_07:26:55.678;0.00;4;0.1;30
2025-01-09_07:26:55.738;0.00;4;0.1;30
2025-01-09_07:26:56.068;0.00;5;0.1;30
2025-01-09_07:26:56.219;0.00;4;0.1;30
2025-01-09_07:26:56.339;0.00;4;0.1;30
2025-01-09_07:26:56.759;0.00;4;0.1;30
2025-01-09_07:26:57.059;0.00;4;0.1;30
2025-01-09_07:26:57.119;0.00;4;0.1;30
2025-01-09_07:26:57.328;0.00;4;0.1;30
2025-01-09_07:26:57.568;0.00;4;0.1;30
2025-01-09_07:26:57.688;0.00;4;0.1;30
2025-01-09_07:26:58.288;100.00;5;0.1;30
2025-01-09_07:26:58.588;0.00;4;0.1;30
2025-01-09_07:26:59.218;95.24;6;25.4;30
2025-01-09_07:26:59.399;0.00;4;0.1;30
2025-01-09_07:27:00.119;83.33;4;0.5;30
2025-01-09_07:27:00.569;0.00;8;61.3;30
2025-01-09_07:27:00.779;0.00;4;0.4;30
2025-01-09_07:27:00.839;0.00;4;0.1;30
2025-01-09_07:27:00.989;0.00;4;1.1;30
2025-01-09_07:27:01.199;0.00;5;7.2;30
2025-01-09_07:27:01.379;0.00;4;0.5;30
2025-01-09_07:27:01.619;0.00;4;0.1;30
2025-01-09_07:27:01.739;0.00;4;0.8;30
2025-01-09_07:27:02.099;0.00;5;13.3;30
2025-01-09_07:27:02.459;0.00;12;131.2;30
2025-01-09_07:27:02.819;0.00;7;42.8;30
2025-01-09_07:27:03.029;0.00;4;0.1;30
2025-01-09_07:27:03.359;0.00;6;15.0;30
2025-01-09_07:27:03.689;0.00;7;37.5;30
2025-01-09_07:27:03.929;0.00;5;3.0;30
2025-01-09_07:27:04.139;0.00;4;0.1;30
2025-01-09_07:27:04.259;0.00;4;0.1;30
2025-01-09_07:27:04.349;0.00;5;1.3;30
2025-01-09_07:27:05.219;68.97;9;70.4;30
2025-01-09_07:27:05.699;0.00;9;76.3;30
2025-01-09_07:27:06.659;62.50;5;0.8;30
2025-01-09_07:27:07.649;60.61;9;6.8;30
2025-01-09_07:27:09.449;33.33;115;673.5;30
2025-01-09_07:27:10.589;52.63;168;992.2;30
2025-01-09_07:27:11.759;51.28;170;973.6;30
2025-01-09_07:27:12.899;52.63;178;1025.5;30
2025-01-09_07:27:14.009;54.05;183;1025.1;30
2025-01-09_07:27:15.149;52.63;184;1040.2;30
2025-01-09_07:27:16.379;48.78;148;819.0;30
2025-01-09_07:27:18.839;24.39;4;0.1;30
2025-01-09_07:27:19.199;0.00;4;0.1;30
2025-01-09_07:27:19.319;0.00;4;0.1;30
2025-01-09_07:27:19.889;0.00;4;0.1;30
2025-01-09_07:27:20.009;0.00;4;0.1;30
2025-01-09_07:27:21.689;35.71;169;934.5;30
2025-01-09_07:27:21.899;0.00;13;30.4;30
2025-01-09_07:27:22.019;0.00;11;7.2;30
2025-01-09_07:27:22.110;0.00;11;0.6;30
2025-01-09_07:27:22.679;0.00;13;34.4;30
2025-01-09_07:27:22.949;0.00;9;0.1;30
2025-01-09_07:27:23.039;0.00;9;0.3;30
2025-01-09_07:27:23.249;0.00;9;0.1;30
2025-01-09_07:27:23.579;0.00;9;0.1;30
2025-01-09_07:27:23.759;0.00;9;0.3;30
2025-01-09_07:27:23.999;0.00;9;0.1;30
2025-01-09_07:27:24.149;0.00;9;0.1;30
2025-01-09_07:27:24.359;0.00;9;0.1;30
2025-01-09_07:27:24.629;0.00;9;0.1;30
2025-01-09_07:27:24.719;0.00;9;0.1;30
2025-01-09_07:27:24.899;0.00;9;0.1;30
2025-01-09_07:27:24.959;0.00;9;0.1;30
2025-01-09_07:27:25.079;0.00;9;0.1;30
2025-01-09_07:27:25.169;0.00;9;0.1;30
2025-01-09_07:27:25.289;0.00;9;0.1;30
2025-01-09_07:27:25.379;0.00;9;0.2;30
2025-01-09_07:27:25.439;0.00;9;0.1;30
2025-01-09_07:27:25.529;0.00;9;0.1;30
2025-01-09_07:27:25.769;0.00;9;0.1;30
2025-01-09_07:27:25.979;0.00;9;0.1;30
2025-01-09_07:27:26.039;0.00;9;0.1;30
2025-01-09_07:27:26.309;0.00;9;0.1;30
2025-01-09_07:27:26.639;0.00;9;0.1;30
2025-01-09_07:27:26.999;0.00;9;0.1;30
2025-01-09_07:27:27.299;0.00;9;0.3;30
2025-01-09_07:27:27.629;0.00;14;60.5;30
2025-01-09_07:27:28.829;50.00;153;841.8;30
2025-01-09_07:27:29.939;54.05;184;1094.4;30
2025-01-09_07:27:31.049;54.05;180;1070.2;30
2025-01-09_07:27:32.099;57.14;183;1048.3;30
2025-01-09_07:27:33.239;52.63;182;1065.9;30
2025-01-09_07:27:34.349;54.05;194;1107.0;30
2025-01-09_07:27:35.429;55.56;196;1136.0;30
2025-01-09_07:27:36.569;52.63;179;1072.4;30
2025-01-09_07:27:36.809;0.00;4;0.1;30
2025-01-09_07:27:38.129;45.45;200;1131.4;30
2025-01-09_07:27:39.299;51.28;194;1109.0;30
2025-01-09_07:27:40.439;52.63;197;1133.6;30
2025-01-09_07:27:41.579;52.63;190;1090.1;30
2025-01-09_07:27:42.719;52.63;202;1152.1;30
2025-01-09_07:27:43.889;51.28;200;1142.2;30
2025-01-09_07:27:45.059;51.28;212;1234.3;30
2025-01-09_07:27:46.289;48.78;214;1251.8;30
2025-01-09_07:27:47.489;50.00;213;1236.4;30
2025-01-09_07:27:48.719;48.78;214;1240.1;30
2025-01-09_07:27:49.920;49.96;219;1277.3;30
2025-01-09_07:27:51.149;48.82;210;1211.6;30
2025-01-09_07:27:52.379;48.78;219;1276.6;30
2025-01-09_07:27:53.581;49.92;224;1293.1;30
2025-01-09_07:27:54.839;47.69;229;1365.6;30
2025-01-09_07:27:56.100;47.58;212;1229.0;30
2025-01-09_07:27:57.359;47.66;213;1214.5;30
2025-01-09_07:27:58.619;47.62;216;1246.0;30
2025-01-09_07:27:59.849;48.78;215;1230.3;30
2025-01-09_07:28:01.109;47.62;216;1254.4;30
2025-01-09_07:28:02.369;47.62;219;1280.6;30
2025-01-09_07:28:03.629;47.62;220;1276.7;30
2025-01-09_07:28:04.889;47.62;216;1271.3;30
2025-01-09_07:28:06.060;51.24;178;1024.4;30
2025-01-09_07:28:06.389;0.00;5;0.1;30
2025-01-09_07:28:06.479;0.00;4;0.1;30
2025-01-09_07:28:06.541;0.00;5;0.1;30
2025-01-09_07:28:06.660;0.00;4;0.1;30
2025-01-09_07:28:07.800;52.63;18;7.4;30
2025-01-09_07:28:07.919;0.00;17;0.3;30
2025-01-09_07:28:08.039;0.00;17;0.2;30
2025-01-09_07:28:08.160;0.00;17;0.1;30
2025-01-09_07:28:08.969;74.17;24;85.4;30
2025-01-09_07:28:09.180;0.00;12;25.0;30
2025-01-09_07:28:09.600;0.00;12;35.5;30
2025-01-09_07:28:10.169;0.00;0;0.1;30
2025-01-09_07:28:10.350;0.00;0;0.1;30
2025-01-09_07:28:10.529;0.00;0;0.2;30
2025-01-09_07:28:10.800;0.00;0;0.3;30
2025-01-09_07:28:11.879;55.61;0;0.1;30
2025-01-09_07:28:12.119;0.00;0;0.4;30
2025-01-09_07:28:12.660;0.00;0;0.5;30
2025-01-09_07:28:13.350;86.96;0;0.1;30
2025-01-09_07:28:13.500;0.00;0;0.1;30
2025-01-09_07:28:13.590;0.00;0;0.1;30
2025-01-09_07:28:13.800;0.00;0;0.1;30
2025-01-09_07:28:15.000;50.00;0;0.1;30
2025-01-09_07:28:15.120;0.00;0;0.1;30
2025-01-09_07:28:16.950;32.79;0;0.2;30
